# Created by Octave 3.4.0, Fri Feb 10 15:10:31 2012 CST <michaelliu@Michael-Mac-Lion.local>
# name: v
# type: matrix
# rows: 1
# columns: 10
 2104 1600 2400 1416 3000 1985 1534 1427 1380 1494


